425
232
586
234
456
598
456
344
542
490
874
524
654
606
424
382
312
711
262
295
345
46
460
271
447
413
314
435
621
525
300
730
611
382
584
692
459
392
680
187
423
355
464
784
447
368
386
328
130
252
609
670
184
255
763
481
417
733
51
563
447
553
210
673
561
162
427
638
406
366
240
423
229
599
433
469
436
453
678
418
715
670
540
476
461
475
79
648
404
636
648
301
458
850
425
605
719
397
351
367
333
770
633
548
201
562
560
422
264
252
309
633
373
690
378
382
360
395
689
559
589
714
118
629
464
244
781
593
481
420
76
565
944
610
59
241
23
247
418
396
684
631
857
350
235
514
512
24
419
689
764
370
661
612
499
530
451
406
156
495
739
625
284
165
320
387
350
283
899
500
396
88
616
447
351
501
787
413
405
260
507
350
134
498
524
846
334
496
162
397
198
628
549
299
612
601
613
